##S##read_sens()#T-acc:5101#Am-Raw:26.00,-253.00,79.00#T-mag:5105#Mm-Raw:139.00,-422.00,484.00#T-gyr:5109#Gm-Raw:28.00,42.00,-2.00
##S#comp_head()#mag_x:0.00#mag_y:0.00#MAG_Heading:-1.32
##S#iYPR()#pitch:-0.10#roll:-1.27#yaw:-1.32
##S#init_rot_mat('0.243730,0.311806,0.918353,;-0.964917,-0.017357,0.261981,;0.097627,-0.949987,0.296636,;')

##L#old_ts:5113#new_ts:5150#gyro_Dt:0.04
##L#read_sens()#T-acc:5160#Am-Raw:27.00,-253.00,78.00#T-mag:5165#Mm-Raw:140.00,-417.00,485.00#T-gyr:5173#Gm-Raw:28.00,46.00,0.00
##L#Comp_error()#(NOTcompensate magn error)##AFTER##acc[0,1,2]:27.65,-259.07,79.87#magnetom[0,1,2]:23.33,-69.50,80.83#gyro[0,1,2]:28.00,46.00,0.00
##L#comp_head()#mag_x:0.00#mag_y:0.00#MAG_Heading:-1.32
##L#Matr_updt()#omega_i[0],[1],[2]:0.000000,0.000000,0.000000])#omega_p[0],[1],[2]:0.000000,0.000000,0.000000])#(Drift correction used)##G_Dt:0.04#Omega_Vector[0]:0.033998#Omega_Vector[1]:0.055854#Omega_Vector[2]:0.000000#DM_after_matrix_mult():0.241832,0.312961,0.918465,;-0.965458,-0.017028,0.260009,;0.097014,-0.949614,0.298033,;
##L#Norm()#DCM_Matrix[0][0], [1][0], [2][0]:0.241832,-0.965456,0.097011
##L#Drift_corr()#errorCourse:0.004221#errorYaw[0],[1],[2]:0.000409,-0.004008,0.001258#Scaled_Omega_P[0],[1],[2]:0.000491,-0.004810,0.001510#Omega_P[0],[1],[2]:-0.023272,-0.013372,-0.018036#Scaled_Omega_I[0],[1],[2]:0.000000,-0.000000,0.000000#Omega_I[0],[1],[2]:-0.000024,-0.000009,-0.000020
##L#Eul_ang()#pitch:-0.097164,#roll:-1.266686,#yaw:-1.325362#final_DM:0.241832,0.312960,0.918462,;-0.965456,-0.017028,0.260007,;0.097011,-0.949613,0.298032,;

##L#old_ts:5150#new_ts:5359#gyro_Dt:0.21
##L#read_sens()#T-acc:5369#Am-Raw:28.00,-253.00,79.00#T-mag:5376#Mm-Raw:142.00,-418.00,484.00#T-gyr:5382#Gm-Raw:26.00,47.00,16.00
##L#Comp_error()#(NOTcompensate magn error)##AFTER##acc[0,1,2]:28.67,-259.07,80.90#magnetom[0,1,2]:23.67,-69.67,80.67#gyro[0,1,2]:26.00,47.00,16.00
##L#comp_head()#mag_x:0.00#mag_y:0.00#MAG_Heading:-1.31
##L#Matr_updt()#omega_i[0],[1],[2]:-0.000024,-0.000009,-0.000020])#omega_p[0],[1],[2]:-0.023272,-0.013372,-0.018036])#(Drift correction used)##G_Dt:0.21#Omega_Vector[0]:0.008274#Omega_Vector[1]:0.043688#Omega_Vector[2]:0.001372#DM_after_matrix_mult():0.233535,0.314479,0.920129,;-0.967835,-0.016301,0.251222,;0.094018,-0.949126,0.300560,;
##L#Norm()#DCM_Matrix[0][0], [1][0], [2][0]:0.233530,-0.967796,0.093996
##L#Drift_corr()#errorCourse:0.020444#errorYaw[0],[1],[2]:0.001922,-0.019404,0.006144#Scaled_Omega_P[0],[1],[2]:0.002306,-0.023284,0.007373#Omega_P[0],[1],[2]:-0.016425,-0.040867,-0.042297#Scaled_Omega_I[0],[1],[2]:0.000000,-0.000000,0.000000#Omega_I[0],[1],[2]:-0.000042,-0.000027,-0.000069
##L#Eul_ang()#pitch:-0.094135,#roll:-1.264143,#yaw:-1.334022#final_DM:0.233530,0.314468,0.920095,;-0.967796,-0.016301,0.251208,;0.093996,-0.949128,0.300534,;

##L#old_ts:5359#new_ts:5572#gyro_Dt:0.21
##L#read_sens()#T-acc:5582#Am-Raw:29.00,-253.00,78.00#T-mag:5588#Mm-Raw:140.00,-419.00,483.00#T-gyr:5595#Gm-Raw:26.00,50.00,15.00
##L#Comp_error()#(NOTcompensate magn error)##AFTER##acc[0,1,2]:29.70,-259.07,79.87#magnetom[0,1,2]:23.33,-69.83,80.50#gyro[0,1,2]:26.00,50.00,15.00
##L#comp_head()#mag_x:0.00#mag_y:0.00#MAG_Heading:-1.31
##L#Matr_updt()#omega_i[0],[1],[2]:-0.000042,-0.000027,-0.000069])#omega_p[0],[1],[2]:-0.016425,-0.040867,-0.042297])#(Drift correction used)##G_Dt:0.21#Omega_Vector[0]:0.015103#Omega_Vector[1]:0.019818#Omega_Vector[2]:-0.024153#DM_after_matrix_mult():0.228028,0.318629,0.920069,;-0.968772,-0.020472,0.247175,;0.097610,-0.947678,0.303984,;
##L#Norm()#DCM_Matrix[0][0], [1][0], [2][0]:0.228017,-0.968754,0.097589
##L#Drift_corr()#errorCourse:0.026695#errorYaw[0],[1],[2]:0.002605,-0.025298,0.008115#Scaled_Omega_P[0],[1],[2]:0.003126,-0.030357,0.009738#Omega_P[0],[1],[2]:-0.050178,-0.051793,-0.039973#Scaled_Omega_I[0],[1],[2]:0.000000,-0.000001,0.000000#Omega_I[0],[1],[2]:-0.000096,-0.000049,-0.000119
##L#Eul_ang()#pitch:-0.097745,#roll:-1.260379,#yaw:-1.339633#final_DM:0.228017,0.318621,0.920048,;-0.968754,-0.020470,0.247177,;0.097589,-0.947661,0.303998,;

##L#old_ts:5572#new_ts:5783#gyro_Dt:0.21
##L#read_sens()#T-acc:5793#Am-Raw:27.00,-253.00,79.00#T-mag:5799#Mm-Raw:139.00,-418.00,479.00#T-gyr:5806#Gm-Raw:27.00,42.00,2.00
##L#Comp_error()#(NOTcompensate magn error)##AFTER##acc[0,1,2]:27.65,-259.07,80.90#magnetom[0,1,2]:23.17,-69.67,79.83#gyro[0,1,2]:27.00,42.00,2.00
##L#comp_head()#mag_x:0.00#mag_y:0.00#MAG_Heading:-1.32
##L#Matr_updt()#omega_i[0],[1],[2]:-0.000096,-0.000049,-0.000119])#omega_p[0],[1],[2]:-0.050178,-0.051793,-0.039973])#(Drift correction used)##G_Dt:0.21#Omega_Vector[0]:-0.017489#Omega_Vector[1]:-0.000844#Omega_Vector[2]:-0.037663#DM_after_matrix_mult():0.225649,0.317038,0.921183,;-0.968548,-0.029081,0.247274,;0.105174,-0.948007,0.300484,;
##L#Norm()#DCM_Matrix[0][0], [1][0], [2][0]:0.225654,-0.968513,0.105179
##L#Drift_corr()#errorCourse:0.024820#errorYaw[0],[1],[2]:0.002611,-0.023529,0.007458#Scaled_Omega_P[0],[1],[2]:0.003133,-0.028235,0.008950#Omega_P[0],[1],[2]:-0.017059,-0.024750,0.027011#Scaled_Omega_I[0],[1],[2]:0.000000,-0.000000,0.000000#Omega_I[0],[1],[2]:-0.000116,-0.000046,-0.000100
##L#Eul_ang()#pitch:-0.105374,#roll:-1.263830,#yaw:-1.341890#final_DM:0.225654,0.317037,0.921178,;-0.968513,-0.029082,0.247258,;0.105179,-0.947967,0.300492,;

##L#old_ts:5783#new_ts:5996#gyro_Dt:0.21
##L#read_sens()#T-acc:6006#Am-Raw:28.00,-252.00,80.00#T-mag:6012#Mm-Raw:139.00,-417.00,482.00#T-gyr:6019#Gm-Raw:29.00,43.00,-6.00
##L#Comp_error()#(NOTcompensate magn error)##AFTER##acc[0,1,2]:28.67,-258.05,81.92#magnetom[0,1,2]:23.17,-69.50,80.33#gyro[0,1,2]:29.00,43.00,-6.00
##L#comp_head()#mag_x:0.00#mag_y:0.00#MAG_Heading:-1.33
##L#Matr_updt()#omega_i[0],[1],[2]:-0.000116,-0.000046,-0.000100])#omega_p[0],[1],[2]:-0.017059,-0.024750,0.027011])#(Drift correction used)##G_Dt:0.21#Omega_Vector[0]:0.018038#Omega_Vector[1]:0.027416#Omega_Vector[2]:0.019625#DM_after_matrix_mult():0.221600,0.319633,0.921277,;-0.970079,-0.024083,0.241714,;0.099462,-0.947252,0.304748,;
##L#Norm()#DCM_Matrix[0][0], [1][0], [2][0]:0.221606,-0.970052,0.099443
##L#Drift_corr()#errorCourse:0.013911#errorYaw[0],[1],[2]:0.001383,-0.013177,0.004239#Scaled_Omega_P[0],[1],[2]:0.001660,-0.015812,0.005087#Omega_P[0],[1],[2]:-0.016405,-0.026123,-0.021071#Scaled_Omega_I[0],[1],[2]:0.000000,-0.000000,0.000000#Omega_I[0],[1],[2]:-0.000134,-0.000056,-0.000126
##L#Eul_ang()#pitch:-0.099608,#roll:-1.259558,#yaw:-1.346203#final_DM:0.221606,0.319629,0.921264,;-0.970052,-0.024085,0.241698,;0.099443,-0.947237,0.304720,;

##L#old_ts:5996#new_ts:6207#gyro_Dt:0.21
##L#read_sens()#T-acc:6217#Am-Raw:27.00,-253.00,79.00#T-mag:6223#Mm-Raw:141.00,-419.00,481.00#T-gyr:6230#Gm-Raw:27.00,43.00,3.00
##L#Comp_error()#(NOTcompensate magn error)##AFTER##acc[0,1,2]:27.65,-259.07,80.90#magnetom[0,1,2]:23.50,-69.83,80.17#gyro[0,1,2]:27.00,43.00,3.00
##L#comp_head()#mag_x:0.00#mag_y:0.00#MAG_Heading:-1.32
##L#Matr_updt()#omega_i[0],[1],[2]:-0.000134,-0.000056,-0.000126])#omega_p[0],[1],[2]:-0.016405,-0.026123,-0.021071])#(Drift correction used)##G_Dt:0.21#Omega_Vector[0]:0.016245#Omega_Vector[1]:0.026032#Omega_Vector[2]:-0.017555#DM_after_matrix_mult():0.215362,0.323608,0.921386,;-0.971291,-0.026850,0.236453,;0.101278,-0.945824,0.308513,;
##L#Norm()#DCM_Matrix[0][0], [1][0], [2][0]:0.215354,-0.971273,0.101253
##L#Drift_corr()#errorCourse:0.036823#errorYaw[0],[1],[2]:0.003728,-0.034828,0.011361#Scaled_Omega_P[0],[1],[2]:0.004474,-0.041794,0.013633#Omega_P[0],[1],[2]:-0.054881,-0.047684,0.015055#Scaled_Omega_I[0],[1],[2]:0.000000,-0.000001,0.000000#Omega_I[0],[1],[2]:-0.000193,-0.000063,-0.000125
##L#Eul_ang()#pitch:-0.101426,#roll:-1.255483,#yaw:-1.352602#final_DM:0.215354,0.323599,0.921361,;-0.971273,-0.026849,0.236450,;0.101253,-0.945813,0.308521,;

##L#old_ts:6207#new_ts:6418#gyro_Dt:0.21
##L#read_sens()#T-acc:6428#Am-Raw:26.00,-253.00,79.00#T-mag:6434#Mm-Raw:141.00,-420.00,483.00#T-gyr:6440#Gm-Raw:28.00,42.00,0.00
##L#Comp_error()#(NOTcompensate magn error)##AFTER##acc[0,1,2]:26.62,-259.07,80.90#magnetom[0,1,2]:23.50,-70.00,80.50#gyro[0,1,2]:28.00,42.00,0.00
##L#comp_head()#mag_x:0.00#mag_y:0.00#MAG_Heading:-1.32
##L#Matr_updt()#omega_i[0],[1],[2]:-0.000193,-0.000063,-0.000125])#omega_p[0],[1],[2]:-0.054881,-0.047684,0.015055])#(Drift correction used)##G_Dt:0.21#Omega_Vector[0]:-0.021076#Omega_Vector[1]:0.003251#Omega_Vector[2]:0.014931#DM_after_matrix_mult():0.215742,0.318823,0.922948,;-0.971519,-0.024841,0.235665,;0.098061,-0.947504,0.304384,;
##L#Norm()#DCM_Matrix[0][0], [1][0], [2][0]:0.215734,-0.971516,0.098060
##L#Drift_corr()#errorCourse:0.033281#errorYaw[0],[1],[2]:0.003264,-0.031533,0.010130#Scaled_Omega_P[0],[1],[2]:0.003916,-0.037840,0.012156#Omega_P[0],[1],[2]:-0.034477,-0.040815,0.015264#Scaled_Omega_I[0],[1],[2]:0.000000,-0.000001,0.000000#Omega_I[0],[1],[2]:-0.000231,-0.000066,-0.000122
##L#Eul_ang()#pitch:-0.098218,#roll:-1.259962,#yaw:-1.352283#final_DM:0.215734,0.318819,0.922937,;-0.971516,-0.024839,0.235669,;0.098060,-0.947490,0.304379,;

##L#old_ts:6418#new_ts:6631#gyro_Dt:0.21
##L#read_sens()#T-acc:6639#Am-Raw:27.00,-253.00,81.00#T-mag:6645#Mm-Raw:144.00,-418.00,482.00#T-gyr:6653#Gm-Raw:28.00,41.00,-3.00
##L#Comp_error()#(NOTcompensate magn error)##AFTER##acc[0,1,2]:27.65,-259.07,82.94#magnetom[0,1,2]:24.00,-69.67,80.33#gyro[0,1,2]:28.00,41.00,-3.00
##L#comp_head()#mag_x:0.00#mag_y:0.00#MAG_Heading:-1.31
##L#Matr_updt()#omega_i[0],[1],[2]:-0.000231,-0.000066,-0.000122])#omega_p[0],[1],[2]:-0.034477,-0.040815,0.015264])#(Drift correction used)##G_Dt:0.21#Omega_Vector[0]:-0.000710#Omega_Vector[1]:0.008902#Omega_Vector[2]:0.011500#DM_after_matrix_mult():0.214765,0.318151,0.923395,;-0.972024,-0.022495,0.233823,;0.095162,-0.947776,0.304422,;
##L#Norm()#DCM_Matrix[0][0], [1][0], [2][0]:0.214763,-0.972019,0.095162
##L#Drift_corr()#errorCourse:0.047264#errorYaw[0],[1],[2]:0.004498,-0.044796,0.014388#Scaled_Omega_P[0],[1],[2]:0.005397,-0.053755,0.017266#Omega_P[0],[1],[2]:0.001011,-0.062798,-0.009517#Scaled_Omega_I[0],[1],[2]:0.000000,-0.000001,0.000000#Omega_I[0],[1],[2]:-0.000236,-0.000076,-0.000148
##L#Eul_ang()#pitch:-0.095306,#roll:-1.260012,#yaw:-1.353344#final_DM:0.214763,0.318151,0.923394,;-0.972019,-0.022494,0.233823,;0.095162,-0.947773,0.304417,;

##L#old_ts:6631#new_ts:6842#gyro_Dt:0.21
##L#read_sens()#T-acc:6852#Am-Raw:27.00,-254.00,81.00#T-mag:6858#Mm-Raw:142.00,-418.00,481.00#T-gyr:6864#Gm-Raw:29.00,41.00,-3.00
##L#Comp_error()#(NOTcompensate magn error)##AFTER##acc[0,1,2]:27.65,-260.10,82.94#magnetom[0,1,2]:23.67,-69.67,80.17#gyro[0,1,2]:29.00,41.00,-3.00
##L#comp_head()#mag_x:0.00#mag_y:0.00#MAG_Heading:-1.31
##L#Matr_updt()#omega_i[0],[1],[2]:-0.000236,-0.000076,-0.000148])#omega_p[0],[1],[2]:0.001011,-0.062798,-0.009517])#(Drift correction used)##G_Dt:0.21#Omega_Vector[0]:0.035987#Omega_Vector[1]:-0.013091#Omega_Vector[2]:-0.013308#DM_after_matrix_mult():0.216421,0.325765,0.920385,;-0.971310,-0.023448,0.236679,;0.098664,-0.945195,0.311351,;
##L#Norm()#DCM_Matrix[0][0], [1][0], [2][0]:0.216406,-0.971304,0.098679
##L#Drift_corr()#errorCourse:0.045245#errorYaw[0],[1],[2]:0.004465,-0.042764,0.014086#Scaled_Omega_P[0],[1],[2]:0.005358,-0.051316,0.016903#Omega_P[0],[1],[2]:-0.038835,-0.058558,0.008926#Scaled_Omega_I[0],[1],[2]:0.000000,-0.000001,0.000000#Omega_I[0],[1],[2]:-0.000280,-0.000084,-0.000156
##L#Eul_ang()#pitch:-0.098840,#roll:-1.252595,#yaw:-1.351577#final_DM:0.216406,0.325754,0.920355,;-0.971304,-0.023446,0.236684,;0.098679,-0.945164,0.311332,;

##L#old_ts:6842#new_ts:7053#gyro_Dt:0.21
##L#read_sens()#T-acc:7063#Am-Raw:27.00,-254.00,78.00#T-mag:7069#Mm-Raw:145.00,-418.00,483.00#T-gyr:7075#Gm-Raw:29.00,40.00,-5.00
##L#Comp_error()#(NOTcompensate magn error)##AFTER##acc[0,1,2]:27.65,-260.10,79.87#magnetom[0,1,2]:24.17,-69.67,80.50#gyro[0,1,2]:29.00,40.00,-5.00
##L#comp_head()#mag_x:0.00#mag_y:0.00#MAG_Heading:-1.30
##L#Matr_updt()#omega_i[0],[1],[2]:-0.000280,-0.000084,-0.000156])#omega_p[0],[1],[2]:-0.038835,-0.058558,0.008926])#(Drift correction used)##G_Dt:0.21#Omega_Vector[0]:-0.003902#Omega_Vector[1]:-0.010073#Omega_Vector[2]:0.002699#DM_after_matrix_mult():0.218548,0.324873,0.920163,;-0.970814,-0.023088,0.238729,;0.098803,-0.945476,0.310344,;
##L#Norm()#DCM_Matrix[0][0], [1][0], [2][0]:0.218547,-0.970812,0.098800
##L#Drift_corr()#errorCourse:0.046719#errorYaw[0],[1],[2]:0.004616,-0.044172,0.014499#Scaled_Omega_P[0],[1],[2]:0.005539,-0.053007,0.017399#Omega_P[0],[1],[2]:-0.084290,-0.064904,0.009750#Scaled_Omega_I[0],[1],[2]:0.000000,-0.000001,0.000000#Omega_I[0],[1],[2]:-0.000370,-0.000097,-0.000163
##L#Eul_ang()#pitch:-0.098962,#roll:-1.253636,#yaw:-1.349370#final_DM:0.218547,0.324872,0.920161,;-0.970812,-0.023088,0.238729,;0.098800,-0.945476,0.310344,;

##L#old_ts:7053#new_ts:7266#gyro_Dt:0.21
##L#read_sens()#T-acc:7276#Am-Raw:26.00,-253.00,80.00#T-mag:7282#Mm-Raw:142.00,-419.00,483.00#T-gyr:7288#Gm-Raw:28.00,40.00,-5.00
##L#Comp_error()#(NOTcompensate magn error)##AFTER##acc[0,1,2]:26.62,-259.07,81.92#magnetom[0,1,2]:23.67,-69.83,80.50#gyro[0,1,2]:28.00,40.00,-5.00
##L#comp_head()#mag_x:0.00#mag_y:0.00#MAG_Heading:-1.31
##L#Matr_updt()#omega_i[0],[1],[2]:-0.000370,-0.000097,-0.000163])#omega_p[0],[1],[2]:-0.084290,-0.064904,0.009750])#(Drift correction used)##G_Dt:0.21#Omega_Vector[0]:-0.050662#Omega_Vector[1]:-0.016432#Omega_Vector[2]:0.003516#DM_after_matrix_mult():0.222011,0.314779,0.922901,;-0.969994,-0.024937,0.241877,;0.099179,-0.948899,0.299795,;
##L#Norm()#DCM_Matrix[0][0], [1][0], [2][0]:0.222012,-0.969990,0.099145
##L#Drift_corr()#errorCourse:0.034169#errorYaw[0],[1],[2]:0.003388,-0.032421,0.010243#Scaled_Omega_P[0],[1],[2]:0.004065,-0.038906,0.012292#Omega_P[0],[1],[2]:0.005201,-0.036466,0.019640#Scaled_Omega_I[0],[1],[2]:0.000000,-0.000001,0.000000#Omega_I[0],[1],[2]:-0.000368,-0.000095,-0.000156
##L#Eul_ang()#pitch:-0.099308,#roll:-1.264781,#yaw:-1.345791#final_DM:0.222012,0.314760,0.922842,;-0.969990,-0.024941,0.241862,;0.099145,-0.948844,0.299777,;

##L#old_ts:7266#new_ts:7477#gyro_Dt:0.21
##L#read_sens()#T-acc:7487#Am-Raw:27.00,-253.00,79.00#T-mag:7493#Mm-Raw:141.00,-419.00,480.00#T-gyr:7499#Gm-Raw:28.00,41.00,-3.00
##L#Comp_error()#(NOTcompensate magn error)##AFTER##acc[0,1,2]:27.65,-259.07,80.90#magnetom[0,1,2]:23.50,-69.83,80.00#gyro[0,1,2]:28.00,41.00,-3.00
##L#comp_head()#mag_x:0.00#mag_y:0.00#MAG_Heading:-1.32
##L#Matr_updt()#omega_i[0],[1],[2]:-0.000368,-0.000095,-0.000156])#omega_p[0],[1],[2]:0.005201,-0.036466,0.019640])#(Drift correction used)##G_Dt:0.21#Omega_Vector[0]:0.038830#Omega_Vector[1]:0.013222#Omega_Vector[2]:0.015841#DM_after_matrix_mult():0.220490,0.321579,0.920882,;-0.970748,-0.019717,0.239360,;0.095137,-0.946719,0.307828,;
##L#Norm()#DCM_Matrix[0][0], [1][0], [2][0]:0.220504,-0.970736,0.095126
##L#Drift_corr()#errorCourse:0.031350#errorYaw[0],[1],[2]:0.002982,-0.029679,0.009650#Scaled_Omega_P[0],[1],[2]:0.003579,-0.035614,0.011580#Omega_P[0],[1],[2]:-0.051367,-0.049774,-0.014988#Scaled_Omega_I[0],[1],[2]:0.000000,-0.000001,0.000000#Omega_I[0],[1],[2]:-0.000423,-0.000110,-0.000182
##L#Eul_ang()#pitch:-0.095270,#roll:-1.256430,#yaw:-1.347435#final_DM:0.220504,0.321571,0.920853,;-0.970736,-0.019724,0.239337,;0.095126,-0.946680,0.307811,;
