##S##read_sens()##T-acc:5101#Am-Raw:130.00,-220.00,79.00#T-mag:5105#Mm-Raw:272.00,-326.00,38.00#T-gyr:5109#Gm-Raw:26.00,42.00,0.00
##S#comp_head()#mag_x:0.00#mag_y:0.00#MAG_Heading:0.73
##S#iYPR()#pitch:-0.51#roll:-1.23#yaw:0.73
##S#init_rot_mat('0.648419,0.112804,-0.752880,;0.585939,0.557441,0.588162,;0.486033,-0.822517,0.295358,;')

##L#old_ts:5111#new_ts:5148#gyro_Dt:0.04
##L#read_sens()##T-acc:5158#Am-Raw:131.00,-220.00,78.00#T-mag:5165#Mm-Raw:274.00,-328.00,35.00#T-gyr:5173#Gm-Raw:27.00,43.00,5.00
##L#Comp_error()#(NOTcompensate magn error)##AFTER##acc[0,1,2]:134.14,-225.28,79.87#magnetom[0,1,2]:45.67,-54.67,5.83#gyro[0,1,2]:27.00,43.00,5.00
##L#comp_head()#mag_x:0.00#mag_y:0.00#MAG_Heading:0.75
##L#Matr_updt()#omega_i[0],[1],[2]:0.000000,0.000000,0.000000])#omega_p[0],[1],[2]:0.000000,0.000000,0.000000])#(Drift correction used)##G_Dt:0.04#Omega_Vector[0]:0.032784#Omega_Vector[1]:0.052212#Omega_Vector[2]:0.006071#DM_after_matrix_mult():0.649899,0.111745,-0.751764,;0.584928,0.558022,0.588618,;0.485278,-0.822268,0.297295,;
##L#Norm()#DCM_Matrix[0][0], [1][0], [2][0]:0.649898,0.584928,0.485275
##L#Drift_corr()#errorCourse:0.014800#errorYaw[0],[1],[2]:0.007182,-0.012169,0.004400#Scaled_Omega_P[0],[1],[2]:0.008618,-0.014603,0.005280#Omega_P[0],[1],[2]:-0.013677,-0.033843,-0.011541#Scaled_Omega_I[0],[1],[2]:0.000000,-0.000000,0.000000#Omega_I[0],[1],[2]:-0.000022,-0.000019,-0.000017
##L#Eul_ang()#pitch:-0.506678,#roll:-1.223866,#yaw:0.732833#final_DM:0.649898,0.111746,-0.751762,;0.584928,0.558022,0.588617,;0.485275,-0.822268,0.297294,;

##L#old_ts:5148#new_ts:5359#gyro_Dt:0.21
##L#read_sens()##T-acc:5369#Am-Raw:132.00,-219.00,78.00#T-mag:5376#Mm-Raw:271.00,-325.00,38.00#T-gyr:5382#Gm-Raw:26.00,40.00,-7.00
##L#Comp_error()#(NOTcompensate magn error)##AFTER##acc[0,1,2]:135.17,-224.26,79.87#magnetom[0,1,2]:45.17,-54.17,6.33#gyro[0,1,2]:26.00,40.00,-7.00
##L#comp_head()#mag_x:0.00#mag_y:0.00#MAG_Heading:0.74
##L#Matr_updt()#omega_i[0],[1],[2]:-0.000022,-0.000019,-0.000017])#omega_p[0],[1],[2]:-0.013677,-0.033843,-0.011541])#(Drift correction used)##G_Dt:0.21#Omega_Vector[0]:0.017871#Omega_Vector[1]:0.014707#Omega_Vector[2]:-0.020058#DM_after_matrix_mult():0.651757,0.111661,-0.750167,;0.580740,0.562717,0.588328,;0.487833,-0.819093,0.301900,;
##L#Norm()#DCM_Matrix[0][0], [1][0], [2][0]:0.651758,0.580731,0.487814
##L#Drift_corr()#errorCourse:0.008085#errorYaw[0],[1],[2]:0.003944,-0.006622,0.002441#Scaled_Omega_P[0],[1],[2]:0.004733,-0.007946,0.002929#Omega_P[0],[1],[2]:-0.034573,-0.039725,-0.019779#Scaled_Omega_I[0],[1],[2]:0.000000,-0.000000,0.000000#Omega_I[0],[1],[2]:-0.000061,-0.000051,-0.000039
##L#Eul_ang()#pitch:-0.509584,#roll:-1.217660,#yaw:0.727833#final_DM:0.651758,0.111663,-0.750162,;0.580731,0.562706,0.588313,;0.487814,-0.819080,0.301902,;

##L#old_ts:5359#new_ts:5570#gyro_Dt:0.21
##L#read_sens()##T-acc:5580#Am-Raw:131.00,-220.00,78.00#T-mag:5586#Mm-Raw:275.00,-326.00,36.00#T-gyr:5593#Gm-Raw:24.00,42.00,6.00
##L#Comp_error()#(NOTcompensate magn error)##AFTER##acc[0,1,2]:134.14,-225.28,79.87#magnetom[0,1,2]:45.83,-54.33,6.00#gyro[0,1,2]:24.00,42.00,6.00
##L#comp_head()#mag_x:0.00#mag_y:0.00#MAG_Heading:0.75
##L#Matr_updt()#omega_i[0],[1],[2]:-0.000061,-0.000051,-0.000039])#omega_p[0],[1],[2]:-0.034573,-0.039725,-0.019779])#(Drift correction used)##G_Dt:0.21#Omega_Vector[0]:-0.005493#Omega_Vector[1]:0.011221#Omega_Vector[2]:-0.012533#DM_after_matrix_mult():0.653239,0.114256,-0.748489,;0.577851,0.563560,0.590340,;0.489265,-0.818140,0.302108,;
##L#Norm()#DCM_Matrix[0][0], [1][0], [2][0]:0.653235,0.577846,0.489263
##L#Drift_corr()#errorCourse:0.022421#errorYaw[0],[1],[2]:0.010970,-0.018344,0.006774#Scaled_Omega_P[0],[1],[2]:0.013164,-0.022013,0.008129#Omega_P[0],[1],[2]:-0.033438,-0.046883,0.016250#Scaled_Omega_I[0],[1],[2]:0.000000,-0.000000,0.000000#Omega_I[0],[1],[2]:-0.000108,-0.000077,-0.000031
##L#Eul_ang()#pitch:-0.511245,#roll:-1.217060,#yaw:0.724237#final_DM:0.653235,0.114255,-0.748485,;0.577846,0.563557,0.590337,;0.489263,-0.818138,0.302113,;

##L#old_ts:5570#new_ts:5781#gyro_Dt:0.21
##L#read_sens()##T-acc:5791#Am-Raw:131.00,-219.00,77.00#T-mag:5797#Mm-Raw:275.00,-327.00,36.00#T-gyr:5804#Gm-Raw:25.00,41.00,-6.00
##L#Comp_error()#(NOTcompensate magn error)##AFTER##acc[0,1,2]:134.14,-224.26,78.85#magnetom[0,1,2]:45.83,-54.50,6.00#gyro[0,1,2]:25.00,41.00,-6.00
##L#comp_head()#mag_x:0.00#mag_y:0.00#MAG_Heading:0.76
##L#Matr_updt()#omega_i[0],[1],[2]:-0.000108,-0.000077,-0.000031])#omega_p[0],[1],[2]:-0.033438,-0.046883,0.016250])#(Drift correction used)##G_Dt:0.21#Omega_Vector[0]:-0.003190#Omega_Vector[1]:0.002824#Omega_Vector[2]:0.008933#DM_after_matrix_mult():0.653896,0.113528,-0.748019,;0.578557,0.562070,0.591061,;0.487541,-0.819263,0.301853,;
##L#Norm()#DCM_Matrix[0][0], [1][0], [2][0]:0.653895,0.578555,0.487540
##L#Drift_corr()#errorCourse:0.031100#errorYaw[0],[1],[2]:0.015163,-0.025479,0.009388#Scaled_Omega_P[0],[1],[2]:0.018195,-0.030575,0.011265#Omega_P[0],[1],[2]:-0.035508,-0.066147,0.001457#Scaled_Omega_I[0],[1],[2]:0.000000,-0.000001,0.000000#Omega_I[0],[1],[2]:-0.000161,-0.000113,-0.000041
##L#Eul_ang()#pitch:-0.509270,#roll:-1.217786,#yaw:0.724344#final_DM:0.653895,0.113527,-0.748019,;0.578555,0.562069,0.591060,;0.487540,-0.819262,0.301852,;

##L#old_ts:5781#new_ts:5992#gyro_Dt:0.21
##L#read_sens()##T-acc:6002#Am-Raw:131.00,-220.00,79.00#T-mag:6008#Mm-Raw:277.00,-326.00,37.00#T-gyr:6014#Gm-Raw:25.00,41.00,-2.00
##L#Comp_error()#(NOTcompensate magn error)##AFTER##acc[0,1,2]:134.14,-225.28,80.90#magnetom[0,1,2]:46.17,-54.33,6.17#gyro[0,1,2]:25.00,41.00,-2.00
##L#comp_head()#mag_x:0.00#mag_y:0.00#MAG_Heading:0.73
##L#Matr_updt()#omega_i[0],[1],[2]:-0.000161,-0.000113,-0.000041])#omega_p[0],[1],[2]:-0.035508,-0.066147,0.001457])#(Drift correction used)##G_Dt:0.21#Omega_Vector[0]:-0.005313#Omega_Vector[1]:-0.016477#Omega_Vector[2]:-0.001013#DM_after_matrix_mult():0.651270,0.114506,-0.750165,;0.580490,0.561530,0.589679,;0.488764,-0.819496,0.299239,;
##L#Norm()#DCM_Matrix[0][0], [1][0], [2][0]:0.651267,0.580489,0.488757
##L#Drift_corr()#errorCourse:0.005092#errorYaw[0],[1],[2]:0.002489,-0.004173,0.001524#Scaled_Omega_P[0],[1],[2]:0.002987,-0.005008,0.001829#Omega_P[0],[1],[2]:-0.016158,-0.015320,0.004856#Scaled_Omega_I[0],[1],[2]:0.000000,-0.000000,0.000000#Omega_I[0],[1],[2]:-0.000180,-0.000123,-0.000038
##L#Eul_ang()#pitch:-0.510665,#roll:-1.220693,#yaw:0.728000#final_DM:0.651267,0.114506,-0.750160,;0.580489,0.561528,0.589676,;0.488757,-0.819496,0.299236,;

##L#old_ts:5992#new_ts:6203#gyro_Dt:0.21
##L#read_sens()##T-acc:6213#Am-Raw:133.00,-220.00,76.00#T-mag:6219#Mm-Raw:274.00,-326.00,36.00#T-gyr:6225#Gm-Raw:24.00,42.00,2.00
##L#Comp_error()#(NOTcompensate magn error)##AFTER##acc[0,1,2]:136.19,-225.28,77.82#magnetom[0,1,2]:45.67,-54.33,6.00#gyro[0,1,2]:24.00,42.00,2.00
##L#comp_head()#mag_x:0.00#mag_y:0.00#MAG_Heading:0.75
##L#Matr_updt()#omega_i[0],[1],[2]:-0.000180,-0.000123,-0.000038])#omega_p[0],[1],[2]:-0.016158,-0.015320,0.004856])#(Drift correction used)##G_Dt:0.21#Omega_Vector[0]:0.012803#Omega_Vector[1]:0.035554#Omega_Vector[2]:0.007247#DM_after_matrix_mult():0.657070,0.111483,-0.745584,;0.576924,0.562234,0.592514,;0.485260,-0.819435,0.305116,;
##L#Norm()#DCM_Matrix[0][0], [1][0], [2][0]:0.657051,0.576921,0.485227
##L#Drift_corr()#errorCourse:0.027774#errorYaw[0],[1],[2]:0.013477,-0.022759,0.008474#Scaled_Omega_P[0],[1],[2]:0.016172,-0.027311,0.010169#Omega_P[0],[1],[2]:-0.068692,-0.092139,-0.028979#Scaled_Omega_I[0],[1],[2]:0.000000,-0.000000,0.000000#Omega_I[0],[1],[2]:-0.000265,-0.000188,-0.000077
##L#Eul_ang()#pitch:-0.506623,#roll:-1.214372,#yaw:0.720552#final_DM:0.657051,0.111483,-0.745557,;0.576921,0.562228,0.592504,;0.485227,-0.819433,0.305096,;

##L#old_ts:6203#new_ts:6414#gyro_Dt:0.21
##L#read_sens()##T-acc:6424#Am-Raw:132.00,-219.00,79.00#T-mag:6430#Mm-Raw:275.00,-327.00,37.00#T-gyr:6436#Gm-Raw:26.00,40.00,-4.00
##L#Comp_error()#(NOTcompensate magn error)##AFTER##acc[0,1,2]:135.17,-224.26,80.90#magnetom[0,1,2]:45.83,-54.50,6.17#gyro[0,1,2]:26.00,40.00,-4.00
##L#comp_head()#mag_x:0.00#mag_y:0.00#MAG_Heading:0.75
##L#Matr_updt()#omega_i[0],[1],[2]:-0.000265,-0.000188,-0.000077])#omega_p[0],[1],[2]:-0.068692,-0.092139,-0.028979])#(Drift correction used)##G_Dt:0.21#Omega_Vector[0]:-0.037387#Omega_Vector[1]:-0.043758#Omega_Vector[2]:-0.033912#DM_after_matrix_mult():0.649370,0.122065,-0.750744,;0.578369,0.561683,0.591613,;0.493908,-0.818368,0.294152,;
##L#Norm()#DCM_Matrix[0][0], [1][0], [2][0]:0.649309,0.578372,0.493846
##L#Drift_corr()#errorCourse:0.018190#errorYaw[0],[1],[2]:0.008983,-0.014885,0.005350#Scaled_Omega_P[0],[1],[2]:0.010780,-0.017862,0.006420#Omega_P[0],[1],[2]:0.014919,-0.014500,0.008823#Scaled_Omega_I[0],[1],[2]:0.000000,-0.000000,0.000000#Omega_I[0],[1],[2]:-0.000261,-0.000185,-0.000074
##L#Eul_ang()#pitch:-0.516507,#roll:-1.225756,#yaw:0.727680#final_DM:0.649309,0.122057,-0.750666,;0.578372,0.561682,0.591607,;0.493846,-0.818300,0.294111,;

##L#old_ts:6414#new_ts:6625#gyro_Dt:0.21
##L#read_sens()##T-acc:6635#Am-Raw:132.00,-220.00,77.00#T-mag:6641#Mm-Raw:270.00,-325.00,36.00#T-gyr:6647#Gm-Raw:26.00,41.00,-2.00
##L#Comp_error()#(NOTcompensate magn error)##AFTER##acc[0,1,2]:135.17,-225.28,78.85#magnetom[0,1,2]:45.00,-54.17,6.00#gyro[0,1,2]:26.00,41.00,-2.00
##L#comp_head()#mag_x:0.00#mag_y:0.00#MAG_Heading:0.77
##L#Matr_updt()#omega_i[0],[1],[2]:-0.000261,-0.000185,-0.000074])#omega_p[0],[1],[2]:0.014919,-0.014500,0.008823])#(Drift correction used)##G_Dt:0.21#Omega_Vector[0]:0.046228#Omega_Vector[1]:0.035097#Omega_Vector[2]:0.006320#DM_after_matrix_mult():0.655031,0.113869,-0.747048,;0.574740,0.566682,0.590412,;0.490576,-0.816090,0.305750,;
##L#Norm()#DCM_Matrix[0][0], [1][0], [2][0]:0.655013,0.574750,0.490531
##L#Drift_corr()#errorCourse:0.047269#errorYaw[0],[1],[2]:0.023187,-0.038573,0.014451#Scaled_Omega_P[0],[1],[2]:0.027824,-0.046288,0.017342#Omega_P[0],[1],[2]:-0.049848,-0.091661,0.020857#Scaled_Omega_I[0],[1],[2]:0.000000,-0.000001,0.000000#Omega_I[0],[1],[2]:-0.000338,-0.000231,-0.000070
##L#Eul_ang()#pitch:-0.512698,#roll:-1.212334,#yaw:0.720223#final_DM:0.655013,0.113881,-0.746986,;0.574750,0.566674,0.590375,;0.490531,-0.816034,0.305726,;

##L#old_ts:6625#new_ts:6836#gyro_Dt:0.21
##L#read_sens()##T-acc:6846#Am-Raw:132.00,-222.00,79.00#T-mag:6852#Mm-Raw:272.00,-326.00,40.00#T-gyr:6858#Gm-Raw:26.00,42.00,-2.00
##L#Comp_error()#(NOTcompensate magn error)##AFTER##acc[0,1,2]:135.17,-227.33,80.90#magnetom[0,1,2]:45.33,-54.33,6.67#gyro[0,1,2]:26.00,42.00,-2.00
##L#comp_head()#mag_x:0.00#mag_y:0.00#MAG_Heading:0.76
##L#Matr_updt()#omega_i[0],[1],[2]:-0.000338,-0.000231,-0.000070])#omega_p[0],[1],[2]:-0.049848,-0.091661,0.020857])#(Drift correction used)##G_Dt:0.21#Omega_Vector[0]:-0.018616#Omega_Vector[1]:-0.040895#Omega_Vector[2]:0.018358#DM_after_matrix_mult():0.649009,0.114278,-0.752191,;0.582039,0.562129,0.587642,;0.490008,-0.819135,0.298288,;
##L#Norm()#DCM_Matrix[0][0], [1][0], [2][0]:0.648997,0.582026,0.489947
##L#Drift_corr()#errorCourse:0.028091#errorYaw[0],[1],[2]:0.013763,-0.023010,0.008379#Scaled_Omega_P[0],[1],[2]:0.016516,-0.027612,0.010055#Omega_P[0],[1],[2]:-0.009427,-0.039103,0.021110#Scaled_Omega_I[0],[1],[2]:0.000000,-0.000000,0.000000#Omega_I[0],[1],[2]:-0.000363,-0.000243,-0.000059
##L#Eul_ang()#pitch:-0.512030,#roll:-1.221567,#yaw:0.731048#final_DM:0.648997,0.114283,-0.752158,;0.582026,0.562108,0.587606,;0.489947,-0.819130,0.298291,;

##L#old_ts:6836#new_ts:7047#gyro_Dt:0.21
##L#read_sens()##T-acc:7057#Am-Raw:131.00,-219.00,78.00#T-mag:7063#Mm-Raw:273.00,-326.00,38.00#T-gyr:7069#Gm-Raw:25.00,40.00,0.00
##L#Comp_error()#(NOTcompensate magn error)##AFTER##acc[0,1,2]:134.14,-224.26,79.87#magnetom[0,1,2]:45.50,-54.33,6.33#gyro[0,1,2]:25.00,40.00,0.00
##L#comp_head()#mag_x:0.00#mag_y:0.00#MAG_Heading:0.75
##L#Matr_updt()#omega_i[0],[1],[2]:-0.000363,-0.000243,-0.000059])#omega_p[0],[1],[2]:-0.009427,-0.039103,0.021110])#(Drift correction used)##G_Dt:0.21#Omega_Vector[0]:0.020566#Omega_Vector[1]:0.009223#Omega_Vector[2]:0.021051#DM_after_matrix_mult():0.650969,0.108137,-0.751391,;0.583379,0.562073,0.586299,;0.485729,-0.820012,0.302799,;
##L#Norm()#DCM_Matrix[0][0], [1][0], [2][0]:0.650954,0.583377,0.485726
##L#Drift_corr()#errorCourse:0.016197#errorYaw[0],[1],[2]:0.007867,-0.013281,0.004904#Scaled_Omega_P[0],[1],[2]:0.009441,-0.015938,0.005885#Omega_P[0],[1],[2]:-0.032273,-0.047484,-0.012628#Scaled_Omega_I[0],[1],[2]:0.000000,-0.000000,0.000000#Omega_I[0],[1],[2]:-0.000405,-0.000275,-0.000078
##L#Eul_ang()#pitch:-0.507193,#roll:-1.217056,#yaw:0.730705#final_DM:0.650954,0.108134,-0.751376,;0.583377,0.562071,0.586299,;0.485726,-0.819989,0.302800,;

##L#old_ts:7047#new_ts:7258#gyro_Dt:0.21
##L#read_sens()##T-acc:7268#Am-Raw:131.00,-220.00,76.00#T-mag:7274#Mm-Raw:274.00,-326.00,39.00#T-gyr:7280#Gm-Raw:26.00,42.00,2.00
##L#Comp_error()#(NOTcompensate magn error)##AFTER##acc[0,1,2]:134.14,-225.28,77.82#magnetom[0,1,2]:45.67,-54.33,6.50#gyro[0,1,2]:26.00,42.00,2.00
##L#comp_head()#mag_x:0.00#mag_y:0.00#MAG_Heading:0.74
##L#Matr_updt()#omega_i[0],[1],[2]:-0.000405,-0.000275,-0.000078])#omega_p[0],[1],[2]:-0.032273,-0.047484,-0.012628])#(Drift correction used)##G_Dt:0.21#Omega_Vector[0]:-0.001108#Omega_Vector[1]:0.003239#Omega_Vector[2]:-0.010277#DM_after_matrix_mult():0.651233,0.109721,-0.750906,;0.581758,0.563199,0.586829,;0.487297,-0.819007,0.302940,;
##L#Norm()#DCM_Matrix[0][0], [1][0], [2][0]:0.651232,0.581756,0.487295
##L#Drift_corr()#errorCourse:0.005415#errorYaw[0],[1],[2]:0.002639,-0.004435,0.001640#Scaled_Omega_P[0],[1],[2]:0.003166,-0.005322,0.001968#Omega_P[0],[1],[2]:-0.074676,-0.052191,0.000471#Scaled_Omega_I[0],[1],[2]:0.000000,-0.000000,0.000000#Omega_I[0],[1],[2]:-0.000483,-0.000322,-0.000079
##L#Eul_ang()#pitch:-0.508990,#roll:-1.216513,#yaw:0.729110#final_DM:0.651232,0.109720,-0.750905,;0.581756,0.563198,0.586828,;0.487295,-0.819005,0.302942,;

##L#old_ts:7258#new_ts:7469#gyro_Dt:0.21
##L#read_sens()##T-acc:7479#Am-Raw:132.00,-219.00,78.00#T-mag:7485#Mm-Raw:274.00,-326.00,40.00#T-gyr:7491#Gm-Raw:24.00,38.00,-14.00
##L#Comp_error()#(NOTcompensate magn error)##AFTER##acc[0,1,2]:135.17,-224.26,79.87#magnetom[0,1,2]:45.67,-54.33,6.67#gyro[0,1,2]:24.00,38.00,-14.00
##L#comp_head()#mag_x:0.00#mag_y:0.00#MAG_Heading:0.74
##L#Matr_updt()#omega_i[0],[1],[2]:-0.000483,-0.000322,-0.000079])#omega_p[0],[1],[2]:-0.074676,-0.052191,0.000471])#(Drift correction used)##G_Dt:0.21#Omega_Vector[0]:-0.046018#Omega_Vector[1]:-0.006372#Omega_Vector[2]:-0.016608#DM_after_matrix_mult():0.649838,0.119293,-0.750715,;0.580572,0.559539,0.591515,;0.490573,-0.820239,0.294335,;
##L#Norm()#DCM_Matrix[0][0], [1][0], [2][0]:0.649817,0.580572,0.490586
##L#Drift_corr()#errorCourse:0.005575#errorYaw[0],[1],[2]:0.002735,-0.004572,0.001641#Scaled_Omega_P[0],[1],[2]:0.003282,-0.005487,0.001969#Omega_P[0],[1],[2]:-0.005268,-0.015825,-0.012589#Scaled_Omega_I[0],[1],[2]:0.000000,-0.000000,0.000000#Omega_I[0],[1],[2]:-0.000491,-0.000333,-0.000094
##L#Eul_ang()#pitch:-0.512762,#roll:-1.226248,#yaw:0.729178#final_DM:0.649817,0.119297,-0.750671,;0.580572,0.559530,0.591492,;0.490586,-0.820179,0.294332,;

##L#old_ts:7469#new_ts:7682#gyro_Dt:0.21
##L#read_sens()##T-acc:7690#Am-Raw:132.00,-219.00,78.00#T-mag:7696#Mm-Raw:273.00,-328.00,35.00#T-gyr:7704#Gm-Raw:27.00,46.00,16.00
##L#Comp_error()#(NOTcompensate magn error)##AFTER##acc[0,1,2]:135.17,-224.26,79.87#magnetom[0,1,2]:45.50,-54.67,5.83#gyro[0,1,2]:27.00,46.00,16.00
##L#comp_head()#mag_x:0.00#mag_y:0.00#MAG_Heading:0.77
##L#Matr_updt()#omega_i[0],[1],[2]:-0.000491,-0.000333,-0.000094])#omega_p[0],[1],[2]:-0.005268,-0.015825,-0.012589])#(Drift correction used)##G_Dt:0.21#Omega_Vector[0]:0.027025#Omega_Vector[1]:0.039697#Omega_Vector[2]:0.006745#DM_after_matrix_mult():0.656335,0.114042,-0.745863,;0.576374,0.562101,0.593180,;0.486919,-0.819190,0.303201,;
##L#Norm()#DCM_Matrix[0][0], [1][0], [2][0]:0.656314,0.576377,0.486868
##L#Drift_corr()#errorCourse:0.041177#errorYaw[0],[1],[2]:0.020048,-0.033731,0.012484#Scaled_Omega_P[0],[1],[2]:0.024057,-0.040477,0.014981#Omega_P[0],[1],[2]:-0.020050,-0.076527,-0.011592#Scaled_Omega_I[0],[1],[2]:0.000000,-0.000001,0.000000#Omega_I[0],[1],[2]:-0.000535,-0.000369,-0.000120
##L#Eul_ang()#pitch:-0.508501,#roll:-1.216326,#yaw:0.720641#final_DM:0.656314,0.114046,-0.745818,;0.576377,0.562095,0.593160,;0.486868,-0.819172,0.303178,;

##L#old_ts:7682#new_ts:7892#gyro_Dt:0.21
##L#read_sens()##T-acc:7901#Am-Raw:132.00,-220.00,79.00#T-mag:7907#Mm-Raw:273.00,-324.00,38.00#T-gyr:7915#Gm-Raw:27.00,37.00,-21.00
##L#Comp_error()#(NOTcompensate magn error)##AFTER##acc[0,1,2]:135.17,-225.28,80.90#magnetom[0,1,2]:45.50,-54.00,6.33#gyro[0,1,2]:27.00,37.00,-21.00
##L#comp_head()#mag_x:0.00#mag_y:0.00#MAG_Heading:0.74
##L#Matr_updt()#omega_i[0],[1],[2]:-0.000535,-0.000369,-0.000120])#omega_p[0],[1],[2]:-0.020050,-0.076527,-0.011592])#(Drift correction used)##G_Dt:0.21#Omega_Vector[0]:0.012199#Omega_Vector[1]:-0.031970#Omega_Vector[2]:-0.037211#DM_after_matrix_mult():0.650416,0.117264,-0.750517,;0.575967,0.568119,0.587850,;0.495305,-0.814591,0.302007,;
##L#Norm()#DCM_Matrix[0][0], [1][0], [2][0]:0.650381,0.575933,0.495284
##L#Drift_corr()#errorCourse:0.013410#errorYaw[0],[1],[2]:0.006642,-0.010924,0.004049#Scaled_Omega_P[0],[1],[2]:0.007970,-0.013108,0.004859#Omega_P[0],[1],[2]:-0.028323,-0.025859,0.029993#Scaled_Omega_I[0],[1],[2]:0.000000,-0.000000,0.000000#Omega_I[0],[1],[2]:-0.000571,-0.000382,-0.000095
##L#Eul_ang()#pitch:-0.518162,#roll:-1.215808,#yaw:0.724764#final_DM:0.650381,0.117247,-0.750505,;0.575933,0.568098,0.587849,;0.495284,-0.814566,0.301953,;

##L#old_ts:7892#new_ts:8103#gyro_Dt:0.21
##L#read_sens()##T-acc:8114#Am-Raw:132.00,-220.00,78.00#T-mag:8120#Mm-Raw:273.00,-324.00,35.00#T-gyr:8126#Gm-Raw:21.00,39.00,0.00
##L#Comp_error()#(NOTcompensate magn error)##AFTER##acc[0,1,2]:135.17,-225.28,79.87#magnetom[0,1,2]:45.50,-54.00,5.83#gyro[0,1,2]:21.00,39.00,0.00
##L#comp_head()#mag_x:0.00#mag_y:0.00#MAG_Heading:0.78
##L#Matr_updt()#omega_i[0],[1],[2]:-0.000571,-0.000382,-0.000095])#omega_p[0],[1],[2]:-0.028323,-0.025859,0.029993])#(Drift correction used)##G_Dt:0.21#Omega_Vector[0]:-0.003396#Omega_Vector[1]:0.021113#Omega_Vector[2]:0.029898#DM_after_matrix_mult():0.654464,0.113682,-0.747524,;0.576898,0.564043,0.590821,;0.488800,-0.817907,0.303576,;
##L#Norm()#DCM_Matrix[0][0], [1][0], [2][0]:0.654443,0.576882,0.488786
##L#Drift_corr()#errorCourse:0.050103#errorYaw[0],[1],[2]:0.024490,-0.040979,0.015209#Scaled_Omega_P[0],[1],[2]:0.029387,-0.049174,0.018251#Omega_P[0],[1],[2]:-0.022888,-0.083200,0.010748#Scaled_Omega_I[0],[1],[2]:0.000000,-0.000001,0.000000#Omega_I[0],[1],[2]:-0.000623,-0.000417,-0.000102
##L#Eul_ang()#pitch:-0.510697,#roll:-1.215412,#yaw:0.722491#final_DM:0.654443,0.113672,-0.747518,;0.576882,0.564034,0.590824,;0.488786,-0.817890,0.303553,;

##L#old_ts:8103#new_ts:8314#gyro_Dt:0.21
##L#read_sens()##T-acc:8325#Am-Raw:131.00,-222.00,78.00#T-mag:8331#Mm-Raw:269.00,-323.00,37.00#T-gyr:8337#Gm-Raw:27.00,42.00,-1.00
##L#Comp_error()#(NOTcompensate magn error)##AFTER##acc[0,1,2]:134.14,-227.33,79.87#magnetom[0,1,2]:44.83,-53.83,6.17#gyro[0,1,2]:27.00,42.00,-1.00
##L#comp_head()#mag_x:0.00#mag_y:0.00#MAG_Heading:0.77
##L#Matr_updt()#omega_i[0],[1],[2]:-0.000623,-0.000417,-0.000102])#omega_p[0],[1],[2]:-0.022888,-0.083200,0.010748])#(Drift correction used)##G_Dt:0.21#Omega_Vector[0]:0.009273#Omega_Vector[1]:-0.032620#Omega_Vector[2]:0.009432#DM_after_matrix_mult():0.649524,0.110907,-0.752244,;0.582071,0.564042,0.585750,;0.489247,-0.818269,0.301789,;
##L#Norm()#DCM_Matrix[0][0], [1][0], [2][0]:0.649507,0.582056,0.489235
##L#Drift_corr()#errorCourse:0.032973#errorYaw[0],[1],[2]:0.016132,-0.026981,0.009951#Scaled_Omega_P[0],[1],[2]:0.019358,-0.032377,0.011941#Omega_P[0],[1],[2]:-0.035558,-0.056166,0.036465#Scaled_Omega_I[0],[1],[2]:0.000000,-0.000001,0.000000#Omega_I[0],[1],[2]:-0.000677,-0.000441,-0.000077
##L#Eul_ang()#pitch:-0.511213,#roll:-1.217464,#yaw:0.730684#final_DM:0.649507,0.110904,-0.752224,;0.582056,0.564027,0.585734,;0.489235,-0.818275,0.301787,;

##L#old_ts:8314#new_ts:8525#gyro_Dt:0.21
##L#read_sens()##T-acc:8536#Am-Raw:132.00,-217.00,78.00#T-mag:8542#Mm-Raw:273.00,-325.00,35.00#T-gyr:8548#Gm-Raw:24.00,41.00,3.00
##L#Comp_error()#(NOTcompensate magn error)##AFTER##acc[0,1,2]:135.17,-222.21,79.87#magnetom[0,1,2]:45.50,-54.17,5.83#gyro[0,1,2]:24.00,41.00,3.00
##L#comp_head()#mag_x:0.00#mag_y:0.00#MAG_Heading:0.76
##L#Matr_updt()#omega_i[0],[1],[2]:-0.000677,-0.000441,-0.000077])#omega_p[0],[1],[2]:-0.035558,-0.056166,0.036465])#(Drift correction used)##G_Dt:0.21#Omega_Vector[0]:-0.007094#Omega_Vector[1]:-0.006824#Omega_Vector[2]:0.040030#DM_after_matrix_mult():0.649361,0.106544,-0.752993,;0.587663,0.558234,0.585740,;0.482758,-0.822859,0.299858,;
##L#Norm()#DCM_Matrix[0][0], [1][0], [2][0]:0.649347,0.587636,0.482733
##L#Drift_corr()#errorCourse:0.025490#errorYaw[0],[1],[2]:0.012305,-0.020974,0.007644#Scaled_Omega_P[0],[1],[2]:0.014766,-0.025169,0.009172#Omega_P[0],[1],[2]:-0.001196,-0.059726,-0.059954#Scaled_Omega_I[0],[1],[2]:0.000000,-0.000000,0.000000#Omega_I[0],[1],[2]:-0.000693,-0.000476,-0.000146
##L#Eul_ang()#pitch:-0.503773,#roll:-1.221317,#yaw:0.735551#final_DM:0.649347,0.106536,-0.752993,;0.587636,0.558215,0.585730,;0.482733,-0.822828,0.299871,;

##L#old_ts:8525#new_ts:8736#gyro_Dt:0.21
##L#read_sens()##T-acc:8747#Am-Raw:132.00,-220.00,77.00#T-mag:8753#Mm-Raw:273.00,-326.00,36.00#T-gyr:8759#Gm-Raw:27.00,41.00,-8.00
##L#Comp_error()#(NOTcompensate magn error)##AFTER##acc[0,1,2]:135.17,-225.28,78.85#magnetom[0,1,2]:45.50,-54.33,6.00#gyro[0,1,2]:27.00,41.00,-8.00
##L#comp_head()#mag_x:0.00#mag_y:0.00#MAG_Heading:0.74
##L#Matr_updt()#omega_i[0],[1],[2]:-0.000693,-0.000476,-0.000146])#omega_p[0],[1],[2]:-0.001196,-0.059726,-0.059954])#(Drift correction used)##G_Dt:0.21#Omega_Vector[0]:0.030895#Omega_Vector[1]:-0.010419#Omega_Vector[2]:-0.069813#DM_after_matrix_mult():0.646123,0.111193,-0.755115,;0.580701,0.570689,0.580799,;0.495513,-0.813762,0.304173,;
##L#Norm()#DCM_Matrix[0][0], [1][0], [2][0]:0.646085,0.580605,0.495451
##L#Drift_corr()#errorCourse:0.006538#errorYaw[0],[1],[2]:0.003239,-0.005320,0.001988#Scaled_Omega_P[0],[1],[2]:0.003887,-0.006384,0.002386#Omega_P[0],[1],[2]:-0.070817,-0.041397,0.030413#Scaled_Omega_I[0],[1],[2]:0.000000,-0.000000,0.000000#Omega_I[0],[1],[2]:-0.000768,-0.000512,-0.000118
##L#Eul_ang()#pitch:-0.518354,#roll:-1.213099,#yaw:0.732070#final_DM:0.646085,0.111165,-0.755127,;0.580605,0.570619,0.580767,;0.495451,-0.813656,0.304125,;

##L#old_ts:8736#new_ts:8947#gyro_Dt:0.21
##L#read_sens()##T-acc:8957#Am-Raw:133.00,-220.00,78.00#T-mag:8964#Mm-Raw:272.00,-327.00,38.00#T-gyr:8970#Gm-Raw:24.00,43.00,8.00
##L#Comp_error()#(NOTcompensate magn error)##AFTER##acc[0,1,2]:136.19,-225.28,79.87#magnetom[0,1,2]:45.33,-54.50,6.33#gyro[0,1,2]:24.00,43.00,8.00
##L#comp_head()#mag_x:0.00#mag_y:0.00#MAG_Heading:0.79
##L#Matr_updt()#omega_i[0],[1],[2]:-0.000768,-0.000512,-0.000118])#omega_p[0],[1],[2]:-0.070817,-0.041397,0.030413])#(Drift correction used)##G_Dt:0.21#Omega_Vector[0]:-0.042444#Omega_Vector[1]:0.010303#Omega_Vector[2]:0.040009#DM_after_matrix_mult():0.648665,0.112474,-0.752727,;0.584160,0.560517,0.587140,;0.487921,-0.820562,0.297915,;
##L#Norm()#DCM_Matrix[0][0], [1][0], [2][0]:0.648657,0.584111,0.487913
##L#Drift_corr()#errorCourse:0.051058#errorYaw[0],[1],[2]:0.024912,-0.041893,0.015208#Scaled_Omega_P[0],[1],[2]:0.029894,-0.050272,0.018250#Omega_P[0],[1],[2]:0.003234,-0.077421,-0.012866#Scaled_Omega_I[0],[1],[2]:0.000000,-0.000001,0.000000#Omega_I[0],[1],[2]:-0.000794,-0.000540,-0.000149
##L#Eul_ang()#pitch:-0.509697,#roll:-1.222568,#yaw:0.733088#final_DM:0.648657,0.112470,-0.752725,;0.584111,0.560473,0.587099,;0.487913,-0.820500,0.297860,;

##L#old_ts:8947#new_ts:9158#gyro_Dt:0.21
##L#read_sens()##T-acc:9168#Am-Raw:131.00,-219.00,77.00#T-mag:9175#Mm-Raw:273.00,-324.00,39.00#T-gyr:9181#Gm-Raw:25.00,40.00,-5.00
##L#Comp_error()#(NOTcompensate magn error)##AFTER##acc[0,1,2]:134.14,-224.26,78.85#magnetom[0,1,2]:45.50,-54.00,6.50#gyro[0,1,2]:25.00,40.00,-5.00
##L#comp_head()#mag_x:0.00#mag_y:0.00#MAG_Heading:0.73
##L#Matr_updt()#omega_i[0],[1],[2]:-0.000794,-0.000540,-0.000149])#omega_p[0],[1],[2]:0.003234,-0.077421,-0.012866])#(Drift correction used)##G_Dt:0.21#Omega_Vector[0]:0.032796#Omega_Vector[1]:-0.029392#Omega_Vector[2]:-0.019086#DM_after_matrix_mult():0.643536,0.109873,-0.757526,;0.585495,0.566888,0.579598,;0.493064,-0.816474,0.300511,;
##L#Norm()#DCM_Matrix[0][0], [1][0], [2][0]:0.643514,0.585462,0.493076
##L#Drift_corr()#errorCourse:-0.010433#errorYaw[0],[1],[2]:-0.005144,0.008518,-0.003135#Scaled_Omega_P[0],[1],[2]:-0.006173,0.010222,-0.003762#Omega_P[0],[1],[2]:-0.058292,-0.014533,0.014502#Scaled_Omega_I[0],[1],[2]:-0.000000,0.000000,-0.000000#Omega_I[0],[1],[2]:-0.000846,-0.000564,-0.000131
##L#Eul_ang()#pitch:-0.515622,#roll:-1.218174,#yaw:0.738197#final_DM:0.643514,0.109867,-0.757508,;0.585462,0.566859,0.579574,;0.493076,-0.816456,0.300459,;

##L#old_ts:9158#new_ts:9369#gyro_Dt:0.21
##L#read_sens()##T-acc:9379#Am-Raw:131.00,-220.00,78.00#T-mag:9385#Mm-Raw:272.00,-326.00,39.00#T-gyr:9392#Gm-Raw:25.00,40.00,-5.00
##L#Comp_error()#(NOTcompensate magn error)##AFTER##acc[0,1,2]:134.14,-225.28,79.87#magnetom[0,1,2]:45.33,-54.33,6.50#gyro[0,1,2]:25.00,40.00,-5.00
##L#comp_head()#mag_x:0.00#mag_y:0.00#MAG_Heading:0.77
##L#Matr_updt()#omega_i[0],[1],[2]:-0.000846,-0.000564,-0.000131])#omega_p[0],[1],[2]:-0.058292,-0.014533,0.014502])#(Drift correction used)##G_Dt:0.21#Omega_Vector[0]:-0.028783#Omega_Vector[1]:0.033472#Omega_Vector[2]:0.008300#DM_after_matrix_mult():0.649056,0.113340,-0.752296,;0.582361,0.562313,0.587151,;0.489524,-0.819144,0.298983,;
##L#Norm()#DCM_Matrix[0][0], [1][0], [2][0]:0.649032,0.582334,0.489536
##L#Drift_corr()#errorCourse:0.029445#errorYaw[0],[1],[2]:0.014415,-0.024120,0.008803#Scaled_Omega_P[0],[1],[2]:0.017297,-0.028944,0.010563#Omega_P[0],[1],[2]:-0.015677,-0.046142,0.017435#Scaled_Omega_I[0],[1],[2]:0.000000,-0.000000,0.000000#Omega_I[0],[1],[2]:-0.000879,-0.000582,-0.000124
##L#Eul_ang()#pitch:-0.511557,#roll:-1.220865,#yaw:0.731285#final_DM:0.649032,0.113334,-0.752272,;0.582334,0.562288,0.587128,;0.489536,-0.819138,0.298945,;

##L#old_ts:9369#new_ts:9580#gyro_Dt:0.21
##L#read_sens()##T-acc:9590#Am-Raw:131.00,-220.00,78.00#T-mag:9596#Mm-Raw:271.00,-328.00,35.00#T-gyr:9603#Gm-Raw:25.00,43.00,1.00
##L#Comp_error()#(NOTcompensate magn error)##AFTER##acc[0,1,2]:134.14,-225.28,79.87#magnetom[0,1,2]:45.17,-54.67,5.83#gyro[0,1,2]:25.00,43.00,1.00
##L#comp_head()#mag_x:0.00#mag_y:0.00#MAG_Heading:0.79
##L#Matr_updt()#omega_i[0],[1],[2]:-0.000879,-0.000582,-0.000124])#omega_p[0],[1],[2]:-0.015677,-0.046142,0.017435])#(Drift correction used)##G_Dt:0.21#Omega_Vector[0]:0.013800#Omega_Vector[1]:0.005488#Omega_Vector[2]:0.018525#DM_after_matrix_mult():0.650346,0.108607,-0.751850,;0.583852,0.561722,0.586165,;0.485988,-0.820181,0.301897,;
##L#Norm()#DCM_Matrix[0][0], [1][0], [2][0]:0.650337,0.583849,0.485986
##L#Drift_corr()#errorCourse:0.046869#errorYaw[0],[1],[2]:0.022778,-0.038440,0.014150#Scaled_Omega_P[0],[1],[2]:0.027333,-0.046129,0.016980#Omega_P[0],[1],[2]:-0.015658,-0.075002,0.007744#Scaled_Omega_I[0],[1],[2]:0.000000,-0.000001,0.000000#Omega_I[0],[1],[2]:-0.000921,-0.000611,-0.000133
##L#Eul_ang()#pitch:-0.507491,#roll:-1.218094,#yaw:0.731579#final_DM:0.650337,0.108604,-0.751842,;0.583849,0.561721,0.586165,;0.485986,-0.820168,0.301899,;

##L#old_ts:9580#new_ts:9791#gyro_Dt:0.21
##L#read_sens()##T-acc:9801#Am-Raw:131.00,-219.00,80.00#T-mag:9807#Mm-Raw:273.00,-325.00,37.00#T-gyr:9814#Gm-Raw:25.00,40.00,-5.00
##L#Comp_error()#(NOTcompensate magn error)##AFTER##acc[0,1,2]:134.14,-224.26,81.92#magnetom[0,1,2]:45.50,-54.17,6.17#gyro[0,1,2]:25.00,40.00,-5.00
##L#comp_head()#mag_x:0.00#mag_y:0.00#MAG_Heading:0.74
##L#Matr_updt()#omega_i[0],[1],[2]:-0.000921,-0.000611,-0.000133])#omega_p[0],[1],[2]:-0.015658,-0.075002,0.007744])#(Drift correction used)##G_Dt:0.21#Omega_Vector[0]:0.013776#Omega_Vector[1]:-0.027045#Omega_Vector[2]:0.001541#DM_after_matrix_mult():0.646082,0.106208,-0.755869,;0.587377,0.563235,0.581201,;0.487442,-0.819448,0.301510,;
##L#Norm()#DCM_Matrix[0][0], [1][0], [2][0]:0.646068,0.587365,0.487440
##L#Drift_corr()#errorCourse:0.005827#errorYaw[0],[1],[2]:0.002840,-0.004775,0.001757#Scaled_Omega_P[0],[1],[2]:0.003408,-0.005730,0.002108#Omega_P[0],[1],[2]:-0.004917,-0.014563,-0.008442#Scaled_Omega_I[0],[1],[2]:0.000000,-0.000000,0.000000#Omega_I[0],[1],[2]:-0.000930,-0.000620,-0.000143
##L#Eul_ang()#pitch:-0.509156,#roll:-1.218239,#yaw:0.737840#final_DM:0.646068,0.106205,-0.755854,;0.587365,0.563223,0.581190,;0.487440,-0.819451,0.301500,;

##L#old_ts:9791#new_ts:10002#gyro_Dt:0.21
##L#read_sens()##T-acc:10012#Am-Raw:132.00,-220.00,77.00#T-mag:10018#Mm-Raw:274.00,-325.00,37.00#T-gyr:10027#Gm-Raw:26.00,42.00,1.00
##L#Comp_error()#(NOTcompensate magn error)##AFTER##acc[0,1,2]:135.17,-225.28,78.85#magnetom[0,1,2]:45.67,-54.17,6.17#gyro[0,1,2]:26.00,42.00,1.00
##L#comp_head()#mag_x:0.00#mag_y:0.00#MAG_Heading:0.74
##L#Matr_updt()#omega_i[0],[1],[2]:-0.000930,-0.000620,-0.000143])#omega_p[0],[1],[2]:-0.004917,-0.014563,-0.008442])#(Drift correction used)##G_Dt:0.21#Omega_Vector[0]:0.025724#Omega_Vector[1]:0.035814#Omega_Vector[2]:-0.007371#DM_after_matrix_mult():0.651615,0.103107,-0.751549,;0.582097,0.567291,0.582571,;0.486436,-0.817056,0.309631,;
##L#Norm()#DCM_Matrix[0][0], [1][0], [2][0]:0.651606,0.582095,0.486389
##L#Drift_corr()#errorCourse:0.012244#errorYaw[0],[1],[2]:0.005955,-0.010004,0.003791#Scaled_Omega_P[0],[1],[2]:0.007146,-0.012004,0.004549#Omega_P[0],[1],[2]:-0.084201,-0.071999,-0.010269#Scaled_Omega_I[0],[1],[2]:0.000000,-0.000000,0.000000#Omega_I[0],[1],[2]:-0.001021,-0.000681,-0.000158
##L#Eul_ang()#pitch:-0.507952,#roll:-1.208565,#yaw:0.729114#final_DM:0.651606,0.103114,-0.751516,;0.582095,0.567280,0.582545,;0.486389,-0.817044,0.309621,;

##L#old_ts:10002#new_ts:10215#gyro_Dt:0.21
##L#read_sens()##T-acc:10225#Am-Raw:132.00,-217.00,78.00#T-mag:10231#Mm-Raw:273.00,-326.00,36.00#T-gyr:10237#Gm-Raw:27.00,40.00,-7.00
##L#Comp_error()#(NOTcompensate magn error)##AFTER##acc[0,1,2]:135.17,-222.21,79.87#magnetom[0,1,2]:45.50,-54.33,6.00#gyro[0,1,2]:27.00,40.00,-7.00
##L#comp_head()#mag_x:0.00#mag_y:0.00#MAG_Heading:0.77
##L#Matr_updt()#omega_i[0],[1],[2]:-0.001021,-0.000681,-0.000158])#omega_p[0],[1],[2]:-0.084201,-0.071999,-0.010269])#(Drift correction used)##G_Dt:0.21#Omega_Vector[0]:-0.052438#Omega_Vector[1]:-0.024111#Omega_Vector[2]:-0.018926#DM_after_matrix_mult():0.647331,0.114135,-0.753711,;0.582800,0.563120,0.585891,;0.491273,-0.818541,0.297997,;
##L#Norm()#DCM_Matrix[0][0], [1][0], [2][0]:0.647301,0.582810,0.491258
##L#Drift_corr()#errorCourse:0.034090#errorYaw[0],[1],[2]:0.016747,-0.027901,0.010158#Scaled_Omega_P[0],[1],[2]:0.020096,-0.033481,0.012190#Omega_P[0],[1],[2]:0.005371,-0.051665,-0.013479#Scaled_Omega_I[0],[1],[2]:0.000000,-0.000001,0.000000#Omega_I[0],[1],[2]:-0.001035,-0.000699,-0.000183
##L#Eul_ang()#pitch:-0.513533,#roll:-1.221636,#yaw:0.733019#final_DM:0.647301,0.114143,-0.753640,;0.582810,0.563115,0.585862,;0.491258,-0.818457,0.297981,;

##L#old_ts:10215#new_ts:10426#gyro_Dt:0.21
##L#read_sens()##T-acc:10436#Am-Raw:131.00,-220.00,79.00#T-mag:10442#Mm-Raw:274.00,-328.00,38.00#T-gyr:10450#Gm-Raw:23.00,40.00,0.00
##L#Comp_error()#(NOTcompensate magn error)##AFTER##acc[0,1,2]:134.14,-225.28,80.90#magnetom[0,1,2]:45.67,-54.67,6.33#gyro[0,1,2]:23.00,40.00,0.00
##L#comp_head()#mag_x:0.00#mag_y:0